STRUCTURAL ANALYSIS OF A STRAIGHT BEAM

    M    I    J   MODULUS   2ND MOM AREA   LENGTH
    1   10   11  0.2080E+12  0.3256E-04  0.5000E+00
    2    9   10  0.2080E+12  0.4277E-04  0.5000E+00
    3    8    9  0.2080E+12  0.5493E-04  0.5000E+00
    4    7    8  0.2080E+12  0.6920E-04  0.5000E+00
    5    6    7  0.2080E+12  0.8574E-04  0.5000E+00
    6    5    6  0.2080E+12  0.1047E-03  0.5000E+00
    7    4    5  0.2080E+12  0.1263E-03  0.5000E+00
    8    3    4  0.2080E+12  0.1507E-03  0.5000E+00
    9    2    3  0.2080E+12  0.1781E-03  0.5000E+00
   10    1    2  0.2080E+12  0.2085E-03  0.5000E+00

    I  REST     X         LOAD        DEFLN       MOMENT     ROTATION
    1    3  0.0000E+00  0.0000E+00  0.0000E+00  0.0000E+00  0.0000E+00
    2    0  0.5000E+00  0.0000E+00  0.1392E-03  0.0000E+00  0.5474E-03
    3    0  0.1000E+01  0.0000E+00  0.5591E-03  0.0000E+00  0.1121E-02
    4    0  0.1500E+01  0.0000E+00  0.1272E-02  0.0000E+00  0.1719E-02
    5    0  0.2000E+01  0.0000E+00  0.2290E-02  0.0000E+00  0.2337E-02
    6    0  0.2500E+01  0.0000E+00  0.3621E-02  0.0000E+00  0.2968E-02
    7    0  0.3000E+01  0.0000E+00  0.5269E-02  0.0000E+00  0.3599E-02
    8    0  0.3500E+01  0.0000E+00  0.7228E-02  0.0000E+00  0.4207E-02
    9    0  0.4000E+01  0.0000E+00  0.9477E-02  0.0000E+00  0.4754E-02
   10    0  0.4500E+01  0.0000E+00  0.1197E-01  0.0000E+00  0.5176E-02
   11    0  0.5000E+01  0.1000E+05  0.1462E-01  0.0000E+00  0.5360E-02
